0.05 0.05 0.05 0.05 0.05 0.05 0.05 0.05 0.05 0.05 0.05 0.05 0.05 0.05 0.05 0.05 0.05 0.05 0.05 0.05 
0.05 0.05 0.05 0.05 0.05 0.05 0.05 0.05 0.05 0.05 0.05 0.05 0.05 0.05 0.05 0.05 0.05 0.05 0.05 0.05 
0.05 0.05 0.05 0.05 0.05 0.05 0.05 0.05 0.05 0.05 0.05 0.05 0.05 0.05 0.05 0.05 0.05 0.05 0.05 0.05 
0.0500002 0.0500002 0.0500002 0.0500002 0.0500002 0.0500002 0.0500001 0.0500001 0.0500001 0.0500001 0.05 0.05 0.05 0.0499999 0.0499999 0.0499998 0.0499998 0.0499997 0.0499997 0.0499996 
0.0500008 0.0500008 0.0500008 0.0500008 0.0500008 0.0500007 0.0500007 0.0500006 0.0500005 0.0500004 0.0500002 0.0500001 0.0499999 0.0499997 0.0499995 0.0499993 0.0499991 0.0499988 0.0499985 0.0499982 
0.0500024 0.0500025 0.0500025 0.0500025 0.0500024 0.0500023 0.0500021 0.0500018 0.0500015 0.0500011 0.0500007 0.0500002 0.0499997 0.0499991 0.0499985 0.0499978 0.049997 0.0499962 0.0499953 0.0499944 
0.050006 0.0500062 0.0500063 0.0500062 0.050006 0.0500057 0.0500052 0.0500045 0.0500038 0.0500029 0.0500018 0.0500006 0.0499993 0.0499978 0.0499962 0.0499944 0.0499925 0.0499905 0.0499883 0.049986 
0.050013 0.0500135 0.0500136 0.0500135 0.050013 0.0500123 0.0500112 0.0500098 0.0500081 0.0500062 0.0500039 0.0500013 0.0499984 0.0499952 0.0499917 0.0499879 0.0499838 0.0499794 0.0499746 0.0499696 
0.0500253 0.0500262 0.0500265 0.0500262 0.0500253 0.0500238 0.0500217 0.0500191 0.0500158 0.050012 0.0500075 0.0500025 0.0499969 0.0499907 0.0499839 0.0499765 0.0499685 0.04996 0.0499508 0.0499411 
0.0500452 0.0500468 0.0500473 0.0500468 0.0500452 0.0500425 0.0500388 0.0500341 0.0500282 0.0500214 0.0500134 0.0500045 0.0499944 0.0499833 0.0499712 0.049958 0.0499437 0.0499284 0.0499121 0.0498947 
0.0500757 0.0500783 0.0500792 0.0500783 0.0500757 0.0500712 0.050065 0.0500571 0.0500473 0.0500358 0.0500225 0.0500075 0.0499906 0.0499721 0.0499517 0.0499296 0.0499057 0.0498801 0.0498528 0.0498236 
0.0501203 0.0501246 0.050126 0.0501246 0.0501203 0.0501133 0.0501034 0.0500907 0.0500752 0.0500569 0.0500357 0.0500118 0.0499851 0.0499555 0.0499232 0.049888 0.0498501 0.0498094 0.049766 0.0497198 
0.0501833 0.0501897 0.0501919 0.0501897 0.0501833 0.0501725 0.0501575 0.0501381 0.0501145 0.0500865 0.0500543 0.0500178 0.0499771 0.0499321 0.0498829 0.0498294 0.0497718 0.0497099 0.0496439 0.0495737 
0.0502692 0.0502787 0.0502819 0.0502787 0.0502692 0.0502534 0.0502312 0.0502027 0.050168 0.0501269 0.0500796 0.050026 0.0499661 0.0499001 0.0498278 0.0497494 0.0496649 0.0495742 0.0494775 0.0493748 
0.0503833 0.0503968 0.0504013 0.0503968 0.0503833 0.0503607 0.0503291 0.0502884 0.0502388 0.0501803 0.0501128 0.0500365 0.0499513 0.0498572 0.0497545 0.049643 0.0495229 0.0493943 0.0492571 0.0491115 
0.0505312 0.0505501 0.0505564 0.0505501 0.0505312 0.0504998 0.0504559 0.0503994 0.0503305 0.0502492 0.0501556 0.0500497 0.0499315 0.0498013 0.0496591 0.0495049 0.049339 0.0491613 0.0489722 0.0487716 
0.0507192 0.0507448 0.0507534 0.0507448 0.0507192 0.0506765 0.0506168 0.0505401 0.0504466 0.0503363 0.0502093 0.0500657 0.0499058 0.0497296 0.0495373 0.0493292 0.0491054 0.0488662 0.0486117 0.0483423 
0.0509536 0.0509878 0.0509992 0.0509878 0.0509536 0.0508968 0.0508172 0.0507152 0.0505907 0.050444 0.0502752 0.0500846 0.0498725 0.0496391 0.0493847 0.0491096 0.0488143 0.0484991 0.0481644 0.0478106 
0.0512413 0.051286 0.051301 0.051286 0.0512413 0.0511668 0.0510627 0.0509292 0.0507665 0.0505748 0.0503546 0.0501062 0.04983 0.0495265 0.0491962 0.0488397 0.0484576 0.0480505 0.0476191 0.0471641 
0.051589 0.0516467 0.051666 0.0516467 0.051589 0.051493 0.0513588 0.0511869 0.0509775 0.0507311 0.0504484 0.0501298 0.0497761 0.0493881 0.0489666 0.0485126 0.0480269 0.0475107 0.046965 0.046391 
0.0520037 0.0520771 0.0521016 0.0520771 0.0520037 0.0518816 0.0517111 0.0514927 0.051227 0.0509148 0.050557 0.0501544 0.0497083 0.0492198 0.0486904 0.0481213 0.0475142 0.0468706 0.0461923 0.045481 
0.0524922 0.0525844 0.0526152 0.0525844 0.0524922 0.0523387 0.0521247 0.0518508 0.051518 0.0511274 0.0506804 0.0501785 0.0496235 0.0490172 0.0483616 0.047659 0.0469116 0.0461219 0.0452924 0.0444258 
0.0530608 0.0531756 0.0532138 0.0531756 0.0530608 0.0528702 0.0526045 0.0522648 0.0518526 0.0513697 0.050818 0.0502 0.0495181 0.0487752 0.0479743 0.0471188 0.0462119 0.0452572 0.0442585 0.0432196 
0.0537158 0.053857 0.0539042 0.053857 0.0537158 0.0534813 0.0531547 0.0527378 0.0522326 0.0516418 0.0509684 0.0502158 0.0493878 0.0484886 0.0475224 0.0464941 0.0454085 0.0442707 0.043086 0.0418596 
0.0544625 0.0546348 0.0546923 0.0546348 0.0544625 0.0541767 0.0537789 0.0532718 0.0526586 0.0519429 0.0511291 0.0502223 0.0492278 0.0481516 0.0469998 0.0457791 0.0444963 0.0431585 0.0417729 0.0403467 
0.0553056 0.0555141 0.0555838 0.0555141 0.0553056 0.0549599 0.0544796 0.0538682 0.0531302 0.0522711 0.051297 0.050215 0.0490327 0.0477583 0.0464004 0.0449683 0.0434712 0.0419187 0.0403203 0.0386858 
0.0562488 0.0564992 0.0565829 0.0564992 0.0562488 0.0558339 0.0552583 0.0545268 0.053646 0.0526234 0.0514676 0.0501884 0.0487962 0.0473024 0.0457188 0.0440575 0.0423311 0.040552 0.0387329 0.036886 
0.0572944 0.0575931 0.057693 0.0575931 0.0572944 0.0568 0.056115 0.0552464 0.0542031 0.0529954 0.0516354 0.0501361 0.0485119 0.0467779 0.0449498 0.0430437 0.0410757 0.0390621 0.0370187 0.0349607 
0.0584435 0.0587976 0.0589161 0.0587976 0.0584435 0.0578582 0.0570486 0.0560243 0.0547973 0.0533818 0.0517939 0.0500513 0.048173 0.0461789 0.0440894 0.0419253 0.0397073 0.0374555 0.0351894 0.0329276 
0.0596958 0.060113 0.0602526 0.060113 0.0596958 0.0590071 0.0580561 0.056856 0.0554228 0.0537755 0.0519355 0.0499262 0.0477724 0.0454997 0.0431345 0.0407029 0.0382304 0.0357419 0.0332606 0.0308082 
0.0610492 0.0615378 0.0617015 0.0615378 0.0610492 0.0602434 0.0591332 0.0577358 0.0560726 0.0541686 0.052052 0.0497529 0.0473033 0.0447359 0.0420837 0.0393788 0.0366525 0.0339341 0.0312507 0.0286271 
0.0624997 0.063069 0.0632599 0.063069 0.0624997 0.0615623 0.0602736 0.0586562 0.0567382 0.0545522 0.0521343 0.0495233 0.0467595 0.043884 0.0409371 0.0379579 0.0349834 0.0320478 0.0291815 0.0264115 
0.0640418 0.0647015 0.0649229 0.0647015 0.0640418 0.0629572 0.0614696 0.0596085 0.0574101 0.0549163 0.0521731 0.0492295 0.0461357 0.0429419 0.039697 0.0364475 0.0332361 0.0301013 0.0270766 0.0241899 
0.0656682 0.0664287 0.0666842 0.0664287 0.0656682 0.0644199 0.062712 0.0605825 0.0580777 0.0552508 0.0521594 0.0488645 0.0454276 0.0419094 0.038368 0.0348573 0.0314256 0.0281151 0.024961 0.0219912 
0.0673697 0.0682422 0.0685355 0.0682422 0.0673697 0.0659404 0.0639902 0.0615672 0.0587301 0.0555452 0.0520843 0.048422 0.0446326 0.0407884 0.036957 0.0331994 0.0295692 0.026111 0.0228603 0.0198434 
0.0691361 0.0701318 0.0704669 0.0701318 0.0691361 0.0675079 0.0652927 0.0625509 0.0593558 0.0557895 0.05194 0.0478973 0.0437502 0.039583 0.035473 0.0314881 0.0276857 0.0241115 0.0207995 0.0177722 
0.0709556 0.0720864 0.0724673 0.0720864 0.0709556 0.0691103 0.0666072 0.0635216 0.0599438 0.0559744 0.0517198 0.0472876 0.0427818 0.0382996 0.0339274 0.0297392 0.0257948 0.0221389 0.0188019 0.0158005 
0.0728158 0.0740936 0.0745245 0.0740936 0.0728158 0.0707349 0.0679211 0.0644673 0.0604835 0.0560916 0.0514189 0.0465918 0.0417312 0.0369466 0.0323334 0.02797 0.0239164 0.0202145 0.0168886 0.0139472 
0.0747034 0.0761403 0.0766254 0.0761403 0.0747034 0.0723687 0.069222 0.0653766 0.0609655 0.0561345 0.051034 0.0458114 0.0406042 0.0355347 0.0307057 0.026198 0.02207 0.0183578 0.0150772 0.0122266 
0.0766054 0.0782132 0.0787566 0.0782132 0.0766054 0.0739988 0.070498 0.0662391 0.0613816 0.0560982 0.0505644 0.0449498 0.0394091 0.0340762 0.0290598 0.0244411 0.0202737 0.0165857 0.013382 0.0106486 
0.0785085 0.0802988 0.0809046 0.0802988 0.0785085 0.0756129 0.0717377 0.0670455 0.0617255 0.0559797 0.0500113 0.0440127 0.0381557 0.0325846 0.0274118 0.0227161 0.018544 0.0149122 0.0118128 0.00921802 
0.0804002 0.0823841 0.0830562 0.0823841 0.0804002 0.0771994 0.0729311 0.0677883 0.0619924 0.0557783 0.0493782 0.0430078 0.0368554 0.0310741 0.0257774 0.0210388 0.0168945 0.0133479 0.0103758 0.00793553 
0.0822687 0.0844565 0.0851987 0.0844565 0.0822687 0.0787476 0.0740697 0.0684613 0.06218 0.0554954 0.0486703 0.0419443 0.0355208 0.0295592 0.0241715 0.019423 0.0153366 0.0118999 0.00907318 0.00679791 
0.0841032 0.0865045 0.08732 0.0865045 0.0841032 0.0802483 0.0751464 0.0690605 0.0622875 0.0551342 0.0478951 0.0408328 0.0341647 0.028054 0.022608 0.0178804 0.0138785 0.010572 0.00790353 0.00579875 
0.085894 0.0885172 0.0894093 0.0885172 0.085894 0.0816935 0.0761557 0.0695836 0.0623163 0.0546998 0.0470609 0.0396849 0.0328004 0.026572 0.0210988 0.0164203 0.0125255 0.00936483 0.00686268 0.00492921 
0.0876327 0.0904852 0.0914566 0.0904852 0.0876327 0.0830768 0.0770938 0.07003 0.0622694 0.0541989 0.0461777 0.0385123 0.0314407 0.0251252 0.0196541 0.0150495 0.0112802 0.00827632 0.00594406 0.00417883 
0.0893122 0.0924002 0.093453 0.0924002 0.0893122 0.0843932 0.0779585 0.0704008 0.0621514 0.0536392 0.0452557 0.0373269 0.0300975 0.0237245 0.0182819 0.0137723 0.0101426 0.00730216 0.00513939 0.00353615 
0.0909268 0.0942548 0.095391 0.0942548 0.0909268 0.0856392 0.0787491 0.0706985 0.061968 0.0530295 0.0443057 0.0361404 0.0287819 0.0223789 0.0169883 0.0125908 0.0091106 0.00643627 0.0044393 0.00298941 
0.0924718 0.0960432 0.097264 0.0960432 0.0924718 0.0868123 0.0794661 0.070927 0.0617262 0.0523789 0.0433383 0.0349636 0.0275036 0.0210956 0.0157769 0.0115049 0.00818031 0.00567136 0.00383383 0.00252701 
0.0939439 0.0977602 0.0990664 0.0977602 0.0939439 0.0879115 0.0801114 0.0710909 0.0614333 0.051697 0.0423641 0.0338066 0.0262709 0.0198802 0.01465 0.0105129 0.00734653 0.00499933 0.00331293 0.00213788 
0.0953404 0.0994019 0.100794 0.0994019 0.0953404 0.0889367 0.0806875 0.0711957 0.0610973 0.0509932 0.0413927 0.0326781 0.0250907 0.0187365 0.0136078 0.00961183 0.00660309 0.00441174 0.00286678 0.00181176 
0.09666 0.100965 0.102443 0.100965 0.09666 0.0898886 0.081198 0.0712474 0.0607262 0.0502766 0.0404333 0.0315861 0.0239682 0.0176668 0.0126492 0.00879734 0.00594324 0.00390012 0.00248608 0.00153935 
0.0979019 0.102448 0.10401 0.102448 0.0979019 0.0907687 0.0816468 0.0712525 0.0603281 0.049556 0.039494 0.0305369 0.0229074 0.0166719 0.011772 0.00806449 0.00535994 0.00345621 0.00216222 0.00131237 
0.0990662 0.103849 0.105494 0.103849 0.0990662 0.0915792 0.0820384 0.0712174 0.0599106 0.0488394 0.038582 0.0295358 0.0219109 0.0157515 0.0109732 0.00740781 0.00484615 0.00307222 0.00188737 0.00112359 
0.100153 0.105167 0.106893 0.105167 0.100153 0.0923226 0.0823774 0.0711485 0.0594813 0.0481341 0.0377035 0.028587 0.0209803 0.0149043 0.0102487 0.00682159 0.00439499 0.00274087 0.00165453 0.000966761 
0.101164 0.106402 0.108207 0.106402 0.101164 0.0930017 0.0826687 0.071052 0.059047 0.0474466 0.0368636 0.0276934 0.0201159 0.0141283 0.00959456 0.00630008 0.00399993 0.00245553 0.00145755 0.000836541 
0.102101 0.107553 0.109435 0.107553 0.102101 0.0936198 0.0829169 0.070934 0.058614 0.0467826 0.0360664 0.026857 0.0193174 0.0134207 0.00900609 0.0058376 0.00365484 0.00221023 0.00129105 0.000728424 
0.102964 0.108623 0.110578 0.108623 0.102964 0.09418 0.0831268 0.0707999 0.058188 0.046147 0.0353153 0.026079 0.0185835 0.0127784 0.00847874 0.00542871 0.00335406 0.00199965 0.0011504 0.000638631 
0.103757 0.109612 0.111636 0.109612 0.103757 0.0946858 0.0833029 0.0706549 0.0577739 0.0455437 0.0346124 0.0253596 0.0179127 0.0121979 0.00800791 0.00506826 0.00309247 0.00181911 0.00103162 0.000564013 
0.104481 0.11052 0.11261 0.11052 0.104481 0.0951406 0.0834494 0.0705037 0.0573761 0.044976 0.0339595 0.0246986 0.0173027 0.0116758 0.00758911 0.00475144 0.00286543 0.00166451 0.00093135 0.000501961 
0.10514 0.111352 0.113503 0.111352 0.10514 0.0955476 0.0835704 0.0703502 0.056998 0.0444462 0.0333572 0.024095 0.0167511 0.0112083 0.00721805 0.00447383 0.00266882 0.00153229 0.000846723 0.000450323 
0.105735 0.112107 0.114315 0.112107 0.105735 0.0959101 0.0836693 0.0701982 0.0566426 0.043956 0.0328058 0.0235473 0.0162551 0.0107918 0.00689063 0.00423136 0.00249896 0.00141937 0.000775337 0.000407326 
0.10627 0.11279 0.11505 0.11279 0.10627 0.0962314 0.0837497 0.0700506 0.0563121 0.0435065 0.0323049 0.0230539 0.0158118 0.0104227 0.00660303 0.00402038 0.00235262 0.00132312 0.000715168 0.000371517 
0.106748 0.113402 0.115711 0.113402 0.106748 0.0965145 0.0838144 0.0699099 0.0560082 0.043098 0.0318535 0.0226125 0.0154183 0.0100975 0.00635166 0.00383754 0.00222696 0.00124126 0.000664522 0.000341702 
0.107171 0.113946 0.116298 0.113946 0.107171 0.0967623 0.0838661 0.069778 0.0557317 0.0427304 0.0314503 0.0222209 0.0150714 0.00981282 0.00613319 0.00367986 0.00211947 0.00117186 0.000621977 0.000316902 
0.107543 0.114426 0.116818 0.114426 0.107543 0.0969777 0.0839071 0.0696565 0.0554832 0.0424031 0.0310935 0.0218765 0.014768 0.0095654 0.00594457 0.00354465 0.00202798 0.00111324 0.000586343 0.000296312 
0.107866 0.114846 0.117271 0.114846 0.107866 0.0971633 0.0839393 0.0695465 0.0552626 0.0421147 0.0307811 0.0215764 0.0145052 0.00935216 0.00578293 0.0034295 0.00195056 0.00106398 0.000556619 0.000279272 
0.108145 0.115208 0.117664 0.115208 0.108145 0.0973217 0.0839644 0.0694484 0.0550694 0.041864 0.0305107 0.021318 0.0142797 0.00917015 0.00564565 0.00333222 0.00188553 0.00102286 0.000531962 0.000265232 
0.108382 0.115517 0.117999 0.115517 0.108382 0.0974555 0.0839838 0.0693626 0.0549028 0.0416489 0.0302798 0.021098 0.0140887 0.00901653 0.00553029 0.00325085 0.00183141 0.000988811 0.00051166 0.00025374 
0.10858 0.115777 0.11828 0.115777 0.10858 0.0975668 0.0839988 0.0692889 0.0547614 0.0414673 0.0300855 0.0209136 0.013929 0.0088886 0.00543458 0.0031836 0.00178686 0.000960912 0.000495104 0.000244416 
0.108744 0.115991 0.118513 0.115991 0.108744 0.0976581 0.0840101 0.069227 0.0546438 0.0413168 0.029925 0.0207616 0.0137978 0.00878374 0.00535637 0.00312883 0.00175071 0.000938356 0.000481772 0.000236939 
0.108876 0.116164 0.118701 0.116164 0.108876 0.0977315 0.0840186 0.0691763 0.054548 0.0411946 0.029795 0.0206389 0.0136921 0.00869945 0.00529365 0.00308503 0.00172188 0.000920425 0.000471209 0.000231035 
0.108981 0.116301 0.118849 0.116301 0.108981 0.0977891 0.084025 0.0691358 0.0544721 0.0410981 0.0296924 0.0205422 0.0136089 0.0086333 0.00524454 0.0030508 0.00169941 0.000906478 0.000463013 0.000226468 
0.10906 0.116406 0.118963 0.116406 0.10906 0.0978329 0.0840295 0.0691045 0.0544138 0.0410241 0.0296139 0.0204683 0.0135455 0.00858292 0.00520719 0.00302482 0.00168238 0.000895931 0.000456829 0.000223028 
0.109118 0.116483 0.119046 0.116483 0.109118 0.0978651 0.0840328 0.0690815 0.0543708 0.0409697 0.0295563 0.0204141 0.013499 0.00854603 0.00517988 0.00300584 0.00166995 0.000888249 0.000452331 0.000220531 
0.109159 0.116536 0.119104 0.116536 0.109159 0.0978874 0.084035 0.0690653 0.0543409 0.0409317 0.0295162 0.0203764 0.0134667 0.00852041 0.00516092 0.00299268 0.00166135 0.000882933 0.000449222 0.000218807 
0.109185 0.11657 0.119142 0.11657 0.109185 0.0979017 0.0840363 0.0690549 0.0543215 0.0409072 0.0294903 0.020352 0.0134458 0.00850389 0.00514871 0.00298421 0.00165581 0.000879515 0.000447225 0.0002177 
0.1092 0.11659 0.119163 0.11659 0.1092 0.09791 0.0840371 0.0690488 0.0543104 0.0408931 0.0294754 0.020338 0.0134338 0.00849439 0.00514169 0.00297934 0.00165263 0.000877552 0.000446078 0.000217065 
0.109208 0.1166 0.119173 0.1166 0.109208 0.0979139 0.0840375 0.069046 0.0543051 0.0408865 0.0294683 0.0203314 0.0134282 0.00848991 0.00513838 0.00297705 0.00165113 0.000876627 0.000445538 0.000216766 
0.10921 0.116603 0.119176 0.116603 0.10921 0.0979151 0.0840376 0.0690451 0.0543035 0.0408844 0.0294662 0.0203294 0.0134264 0.00848854 0.00513736 0.00297634 0.00165067 0.000876344 0.000445372 0.000216674 
0.10921 0.116603 0.119177 0.116603 0.10921 0.0979152 0.0840376 0.0690451 0.0543034 0.0408843 0.0294661 0.0203293 0.0134264 0.00848848 0.00513732 0.00297631 0.00165065 0.000876331 0.000445365 0.00021667 
0.10921 0.116604 0.119178 0.116604 0.10921 0.0979155 0.0840376 0.0690448 0.0543029 0.0408837 0.0294654 0.0203287 0.0134258 0.00848806 0.00513701 0.0029761 0.00165051 0.000876244 0.000445315 0.000216642 
0.109214 0.116608 0.119183 0.116608 0.109214 0.0979175 0.0840378 0.0690434 0.0543002 0.0408803 0.0294618 0.0203253 0.0134229 0.00848576 0.00513531 0.00297492 0.00164974 0.000875771 0.000445038 0.000216489 
0.109223 0.11662 0.119195 0.11662 0.109223 0.0979223 0.0840383 0.0690398 0.0542937 0.0408721 0.0294531 0.0203172 0.013416 0.00848024 0.00513123 0.00297209 0.0016479 0.000874632 0.000444373 0.000216121 
0.109239 0.116641 0.119218 0.116641 0.109239 0.097931 0.0840391 0.0690335 0.0542821 0.0408573 0.0294375 0.0203025 0.0134034 0.00847033 0.00512391 0.00296702 0.00164459 0.00087259 0.000443181 0.000215462 
0.109263 0.116673 0.119253 0.116673 0.109263 0.0979443 0.0840403 0.0690238 0.054264 0.0408346 0.0294135 0.02028 0.0133841 0.00845506 0.00511263 0.00295921 0.00163949 0.000869449 0.000441349 0.000214448 
0.109297 0.116718 0.119301 0.116718 0.109297 0.0979629 0.084042 0.06901 0.0542388 0.0408027 0.0293798 0.0202484 0.0133571 0.00843368 0.00509686 0.00294828 0.00163237 0.000865062 0.000438791 0.000213035 
0.109342 0.116776 0.119365 0.116776 0.109342 0.0979873 0.0840441 0.068992 0.0542055 0.0407607 0.0293355 0.0202069 0.0133217 0.00840566 0.0050762 0.00293399 0.00162305 0.00085933 0.000435453 0.000211191 
0.109397 0.11685 0.119445 0.11685 0.109397 0.0980177 0.0840467 0.0689693 0.0541638 0.0407082 0.0292802 0.0201551 0.0132774 0.0083707 0.00505044 0.00291619 0.00161146 0.000852205 0.000431307 0.000208905 
0.109465 0.116939 0.119542 0.116939 0.109465 0.0980542 0.0840496 0.0689418 0.0541135 0.0406449 0.0292135 0.0200927 0.0132242 0.00832872 0.00501954 0.00289485 0.00159759 0.000843688 0.000426359 0.00020618 
0.109543 0.117042 0.119654 0.117042 0.109543 0.0980968 0.0840529 0.0689094 0.0540546 0.0405709 0.0291356 0.0200199 0.0131622 0.00827983 0.0049836 0.00287007 0.0015815 0.000833827 0.000420639 0.000203035 
0.109632 0.11716 0.119783 0.11716 0.109632 0.0981451 0.0840564 0.0688723 0.0539872 0.0404864 0.0290469 0.0199371 0.0130917 0.00822436 0.00494289 0.00284205 0.00156334 0.000822713 0.000414204 0.000199505 
0.109732 0.117292 0.119926 0.117292 0.109732 0.0981986 0.0840599 0.0688307 0.0539119 0.0403921 0.028948 0.0198449 0.0130134 0.00816283 0.0048978 0.00281106 0.0015433 0.000810472 0.000407133 0.000195634 
0.10984 0.117435 0.120082 0.117435 0.10984 0.0982569 0.0840634 0.0687847 0.0538292 0.0402889 0.0288399 0.0197443 0.0129281 0.0080959 0.00484884 0.00277748 0.00152162 0.000797264 0.000399521 0.000191477 
0.109956 0.11759 0.12025 0.11759 0.109956 0.0983192 0.0840667 0.0687349 0.05374 0.0401777 0.0287237 0.0196364 0.0128367 0.00802435 0.00479661 0.00274174 0.0014986 0.000783271 0.000391477 0.000187097 
0.110079 0.117753 0.120428 0.117753 0.110079 0.0983847 0.0840697 0.0686816 0.0536452 0.0400599 0.0286008 0.0195225 0.0127404 0.0079491 0.00474179 0.00270431 0.00147455 0.000768691 0.000383119 0.000182559 
0.110207 0.117923 0.120613 0.117923 0.110207 0.0984525 0.0840722 0.0686255 0.0535458 0.0399368 0.0284727 0.0194039 0.0126404 0.00787111 0.00468512 0.0026657 0.00144981 0.000753731 0.000374567 0.00017793 
0.110338 0.118098 0.120804 0.118098 0.110338 0.0985219 0.0840742 0.0685672 0.0534432 0.0398099 0.0283409 0.0192823 0.0125379 0.00779142 0.00462733 0.00262644 0.00142471 0.000738599 0.000365944 0.000173278 
0.110471 0.118275 0.120997 0.118275 0.110471 0.0985918 0.0840757 0.0685073 0.0533385 0.0396809 0.0282071 0.019159 0.0124344 0.00771105 0.00456919 0.00258703 0.00139959 0.0007235 0.000357365 0.000168664 
0.110604 0.118453 0.121191 0.118453 0.110604 0.0986614 0.0840765 0.0684467 0.053233 0.0395513 0.0280731 0.0190358 0.0123311 0.00763105 0.00451146 0.002548 0.00137478 0.000708628 0.000348942 0.000164149 
0.110735 0.118628 0.121383 0.118628 0.110735 0.0987298 0.0840767 0.0683861 0.0531282 0.0394228 0.0279405 0.0189141 0.0122293 0.0075524 0.00445484 0.00250983 0.00135058 0.000694164 0.000340775 0.000159786 
0.110863 0.1188 0.12157 0.1188 0.110863 0.0987963 0.0840763 0.0683263 0.0530253 0.039297 0.027811 0.0187955 0.0121303 0.00747605 0.0044 0.00247294 0.00132726 0.000680268 0.000332954 0.000155622 
0.110987 0.118966 0.121751 0.118966 0.110987 0.0988599 0.0840754 0.068268 0.0529255 0.0391754 0.027686 0.0186813 0.0120352 0.00740287 0.00434756 0.00243776 0.00130508 0.000667085 0.000325556 0.000151695 
0.111104 0.119123 0.121923 0.119123 0.111104 0.0989201 0.084074 0.068212 0.0528302 0.0390594 0.0275671 0.0185728 0.011945 0.00733363 0.00429806 0.00240463 0.00128424 0.000654735 0.000318645 0.000148037 
0.111214 0.119271 0.122085 0.119271 0.111214 0.0989763 0.0840723 0.068159 0.0527403 0.0389504 0.0274555 0.0184712 0.0118607 0.00726902 0.00425196 0.00237384 0.00126492 0.000643316 0.000312273 0.000144675 
0.111315 0.119408 0.122234 0.119408 0.111315 0.099028 0.0840703 0.0681096 0.0526569 0.0388494 0.0273523 0.0183774 0.011783 0.00720959 0.00420965 0.00234564 0.00124727 0.000632904 0.000306477 0.000141625 
0.111407 0.119532 0.12237 0.119532 0.111407 0.0990747 0.0840681 0.0680643 0.0525807 0.0387573 0.0272584 0.0182922 0.0117126 0.00715578 0.0041714 0.0023202 0.00123137 0.000623553 0.000301284 0.000138899 
0.11149 0.119643 0.122492 0.119643 0.11149 0.0991163 0.0840659 0.0680235 0.0525125 0.038675 0.0271745 0.0182162 0.0116498 0.00710792 0.00413743 0.00229765 0.00121731 0.000615294 0.000296707 0.000136502 
0.111562 0.119741 0.122598 0.119741 0.111562 0.0991526 0.0840638 0.0679876 0.0524525 0.0386028 0.0271011 0.0181497 0.011595 0.00706617 0.00410785 0.00227804 0.0012051 0.000608137 0.000292749 0.000134432 
0.111623 0.119824 0.122689 0.119824 0.111623 0.0991835 0.0840619 0.0679568 0.0524011 0.038541 0.0270383 0.0180929 0.0115482 0.00703059 0.00408267 0.00226137 0.00119474 0.000602071 0.000289399 0.000132685 
0.111674 0.119893 0.122765 0.119893 0.111674 0.0992092 0.0840601 0.067931 0.0523583 0.0384895 0.026986 0.0180458 0.0115093 0.00700109 0.00406182 0.00224758 0.00118617 0.000597065 0.000286639 0.000131246 
0.111715 0.119949 0.122826 0.119949 0.111715 0.0992297 0.0840587 0.0679102 0.0523238 0.0384482 0.0269441 0.0180079 0.0114782 0.00697745 0.00404512 0.00223654 0.00117933 0.000593069 0.000284437 0.000130101 
0.111747 0.119991 0.122872 0.119991 0.111747 0.0992455 0.0840575 0.0678942 0.0522973 0.0384163 0.0269118 0.0179788 0.0114543 0.0069593 0.00403231 0.00222808 0.00117409 0.00059001 0.000282754 0.000129225 
0.11177 0.120022 0.122906 0.120022 0.11177 0.0992569 0.0840567 0.0678826 0.052278 0.0383932 0.0268884 0.0179577 0.0114369 0.00694614 0.00402302 0.00222196 0.00117029 0.000587798 0.000281537 0.000128593 
0.111785 0.120043 0.122929 0.120043 0.111785 0.0992645 0.0840561 0.0678748 0.0522651 0.0383778 0.0268727 0.0179435 0.0114253 0.00693736 0.00401683 0.00221787 0.00116776 0.000586323 0.000280726 0.000128172 
0.111794 0.120055 0.122942 0.120055 0.111794 0.099269 0.0840557 0.0678702 0.0522575 0.0383687 0.0268635 0.0179352 0.0114185 0.00693219 0.00401318 0.00221547 0.00116628 0.000585456 0.00028025 0.000127925 
0.111798 0.120061 0.122949 0.120061 0.111798 0.0992711 0.0840555 0.067868 0.0522539 0.0383644 0.0268592 0.0179313 0.0114153 0.00692976 0.00401147 0.00221434 0.00116558 0.000585049 0.000280026 0.000127809 
0.111799 0.120063 0.122951 0.120063 0.111799 0.0992717 0.0840555 0.0678674 0.052253 0.0383632 0.026858 0.0179303 0.0114144 0.00692909 0.004011 0.00221403 0.00116538 0.000584936 0.000279965 0.000127777 
0.111799 0.120063 0.122951 0.120063 0.111799 0.0992717 0.0840555 0.0678674 0.052253 0.0383632 0.026858 0.0179303 0.0114144 0.00692908 0.004011 0.00221403 0.00116538 0.000584936 0.000279964 0.000127777 
0.1118 0.120064 0.122952 0.120064 0.1118 0.0992722 0.0840555 0.067867 0.0522522 0.0383623 0.0268571 0.0179294 0.0114138 0.00692858 0.00401064 0.00221379 0.00116524 0.000584851 0.000279917 0.000127752 
0.111804 0.120069 0.122958 0.120069 0.111804 0.0992741 0.0840553 0.067865 0.0522489 0.0383583 0.0268531 0.0179258 0.0114108 0.00692633 0.00400905 0.00221275 0.00116459 0.000584474 0.00027971 0.000127645 
0.111813 0.120082 0.122971 0.120082 0.111813 0.0992787 0.0840549 0.0678602 0.0522411 0.038349 0.0268436 0.0179173 0.0114038 0.00692104 0.00400533 0.00221029 0.00116307 0.000583589 0.000279225 0.000127393 
0.11183 0.120104 0.122996 0.120104 0.11183 0.0992871 0.0840543 0.0678517 0.0522269 0.0383321 0.0268265 0.0179018 0.0113911 0.00691142 0.00399855 0.00220582 0.00116031 0.00058198 0.000278341 0.000126935 
0.111857 0.12014 0.123036 0.12014 0.111857 0.0993003 0.0840532 0.067838 0.0522044 0.0383051 0.0267992 0.0178773 0.0113709 0.00689616 0.0039878 0.00219874 0.00115593 0.000579432 0.000276943 0.00012621 
0.111896 0.120193 0.123094 0.120193 0.111896 0.0993196 0.0840515 0.0678181 0.0521716 0.0382658 0.0267595 0.0178415 0.0113416 0.00687398 0.00397219 0.00218847 0.00114958 0.000575741 0.000274918 0.000125161 
0.111949 0.120265 0.123172 0.120265 0.111949 0.0993459 0.0840492 0.0677907 0.0521265 0.038212 0.0267051 0.0177926 0.0113016 0.0068437 0.00395089 0.00217446 0.00114093 0.000570718 0.000272167 0.000123738 
0.112018 0.120359 0.123276 0.120359 0.112018 0.0993802 0.084046 0.0677547 0.0520675 0.0381416 0.026634 0.0177287 0.0112493 0.0068042 0.00392314 0.00215623 0.0011297 0.000564202 0.000268603 0.000121897 
0.112105 0.120478 0.123406 0.120478 0.112105 0.0994233 0.0840417 0.067709 0.0519927 0.0380525 0.0265442 0.0176482 0.0111834 0.00675453 0.0038883 0.00213339 0.00111564 0.000556062 0.00026416 0.000119607 
0.112212 0.120624 0.123566 0.120624 0.112212 0.0994759 0.084036 0.0676525 0.0519006 0.0379431 0.026434 0.0175495 0.0111029 0.00669389 0.00384585 0.0021056 0.00109858 0.000546207 0.000258793 0.000116848 
0.112341 0.120799 0.123758 0.120799 0.112341 0.0995386 0.0840286 0.0675842 0.0517899 0.0378117 0.026302 0.0174315 0.0110068 0.00662168 0.0037954 0.00207267 0.00107841 0.000534586 0.000252485 0.000113614 
0.112491 0.121005 0.123984 0.121005 0.112491 0.0996116 0.0840192 0.0675032 0.0516591 0.037657 0.026147 0.0172932 0.0108944 0.0065375 0.00373676 0.00203449 0.0010551 0.000521202 0.000245243 0.000109917 
0.112664 0.121242 0.124244 0.121242 0.112664 0.099695 0.0840073 0.0674086 0.0515074 0.0374782 0.0259682 0.0171341 0.0107656 0.0064412 0.00366988 0.0019911 0.0010287 0.000506103 0.000237107 0.000105781 
0.11286 0.121511 0.12454 0.121511 0.11286 0.0997889 0.0839923 0.0672997 0.0513338 0.0372744 0.0257652 0.016954 0.0106201 0.00633287 0.00359492 0.00194265 0.000999346 0.000489388 0.000228143 0.000101246 
0.11308 0.121813 0.124872 0.121813 0.11308 0.0998928 0.0839738 0.0671759 0.051138 0.0370453 0.0255378 0.016753 0.0104583 0.00621285 0.00351221 0.00188943 0.000967251 0.000471204 0.000218443 9.63667e-05 
0.113322 0.122147 0.125239 0.122147 0.113322 0.100006 0.0839512 0.0670367 0.0509195 0.036791 0.0252862 0.0165315 0.0102808 0.00608173 0.00342226 0.00183182 0.000932698 0.000451735 0.000208119 9.12067e-05 
0.113585 0.122513 0.125642 0.122513 0.113585 0.100128 0.0839238 0.0668817 0.0506784 0.0365117 0.0250113 0.0162904 0.0100884 0.00594029 0.00332572 0.00177035 0.000896033 0.000431205 0.000197304 8.58388e-05 
0.11387 0.122909 0.126079 0.122909 0.11387 0.100258 0.0838912 0.0667108 0.050415 0.0362083 0.0247139 0.0160309 0.00988234 0.00578956 0.00322341 0.00170557 0.00085765 0.000409858 0.000186141 8.03403e-05 
0.114174 0.123333 0.126547 0.123333 0.114174 0.100395 0.0838525 0.0665239 0.0501299 0.0358818 0.0243955 0.0157545 0.00966396 0.00563073 0.00311625 0.00163817 0.000817979 0.000387957 0.000174777 7.47898e-05 
0.114496 0.123784 0.127045 0.123784 0.114496 0.100538 0.0838075 0.0663213 0.049824 0.0355336 0.0240578 0.0154628 0.00943488 0.00546512 0.00300524 0.00156882 0.00077747 0.000365771 0.000163362 6.92639e-05 
0.114833 0.12426 0.127571 0.12426 0.114833 0.100684 0.0837555 0.0661033 0.0494984 0.0351655 0.0237029 0.015158 0.00919689 0.00529417 0.00289143 0.00149825 0.000736573 0.000343561 0.000152037 6.38343e-05 
0.115183 0.124756 0.12812 0.124756 0.115183 0.100834 0.0836962 0.0658707 0.0491547 0.0347795 0.0233329 0.0148422 0.0089519 0.00511938 0.00277591 0.00142719 0.00069573 0.000321578 0.000140935 5.85649e-05 
0.115545 0.125271 0.128691 0.125271 0.115545 0.100984 0.0836293 0.0656243 0.0487946 0.034378 0.0229504 0.0145178 0.00870189 0.00494228 0.00265976 0.00135631 0.000655355 0.000300051 0.000130171 5.35103e-05 
0.115915 0.1258 0.129279 0.1258 0.115915 0.101135 0.0835548 0.0653651 0.0484201 0.0339634 0.022558 0.0141872 0.00844887 0.00476437 0.002544 0.00128628 0.000615826 0.000279181 0.000119845 4.87146e-05 
0.116291 0.126341 0.129881 0.126341 0.116291 0.101285 0.0834727 0.0650944 0.0480334 0.0335384 0.0221586 0.0138529 0.00819483 0.0045871 0.00242961 0.00121769 0.000577477 0.000259139 0.000110035 4.42109e-05 
0.11667 0.12689 0.130492 0.12689 0.11667 0.101432 0.0833831 0.0648138 0.0476369 0.033106 0.0217548 0.0135173 0.00794171 0.00441187 0.00231749 0.00115107 0.000540592 0.000240063 0.000100801 4.00216e-05 
0.11705 0.127444 0.13111 0.127444 0.11705 0.101575 0.0832863 0.0645248 0.0472332 0.0326689 0.0213496 0.0131829 0.00769134 0.00423994 0.00220843 0.00108686 0.000505399 0.000222055 9.21839e-05 3.6159e-05 
0.117427 0.127998 0.131729 0.127998 0.117427 0.101714 0.0831831 0.0642294 0.0468249 0.0322303 0.0209457 0.012852 0.00744545 0.00407245 0.00210312 0.00102545 0.000472077 0.000205189 8.42051e-05 3.26263e-05 
0.117801 0.12855 0.132346 0.12855 0.117801 0.101847 0.0830739 0.0639294 0.0464148 0.031793 0.0205459 0.0125267 0.0072056 0.0039104 0.00200213 0.000967123 0.000440748 0.000189504 7.68716e-05 2.94193e-05 
0.118168 0.129095 0.132957 0.129095 0.118168 0.101973 0.0829597 0.063627 0.0460056 0.0313599 0.0201526 0.0122091 0.00697317 0.00375466 0.00190593 0.000912086 0.00041149 0.000175016 7.01763e-05 2.65276e-05 
0.118527 0.129631 0.133559 0.129631 0.118527 0.102093 0.0828413 0.0633243 0.0456 0.0309337 0.0197684 0.0119009 0.00674938 0.00360594 0.00181486 0.000860482 0.000384336 0.000161716 6.41012e-05 2.3936e-05 
0.118874 0.130154 0.134147 0.130154 0.118874 0.102205 0.0827199 0.0630233 0.0452008 0.0305172 0.0193953 0.0116039 0.00653525 0.00346478 0.00172919 0.000812386 0.000359283 0.000149577 5.862e-05 2.16262e-05 
0.11921 0.130662 0.134719 0.130662 0.11921 0.102309 0.0825965 0.0627263 0.0448105 0.0301128 0.0190355 0.0113193 0.00633163 0.00333161 0.00164905 0.000767815 0.000336295 0.000138556 5.36999e-05 1.95777e-05 
0.119531 0.131151 0.135271 0.131151 0.119531 0.102406 0.0824724 0.0624353 0.0444314 0.0297227 0.0186906 0.0110484 0.00613919 0.00320672 0.00157453 0.000726736 0.000315313 0.000128601 4.93044e-05 1.77691e-05 
0.119837 0.13162 0.1358 0.13162 0.119837 0.102495 0.0823488 0.0621524 0.0440659 0.029349 0.0183623 0.0107921 0.0059584 0.00309028 0.0015056 0.000689077 0.000296258 0.000119651 4.53949e-05 1.61787e-05 
0.120126 0.132066 0.136305 0.132066 0.120126 0.102576 0.0822268 0.0618793 0.043716 0.0289934 0.0180518 0.0105512 0.00578961 0.00298235 0.00144221 0.000654733 0.000279037 0.00011164 4.19319e-05 1.47853e-05 
0.120398 0.132488 0.136782 0.132488 0.120398 0.102649 0.0821076 0.061618 0.0433836 0.0286575 0.01776 0.0103263 0.005633 0.00288289 0.00138424 0.000623576 0.000263549 0.000104502 3.88765e-05 1.35688e-05 
0.120651 0.132884 0.137231 0.132884 0.120651 0.102715 0.0819924 0.0613698 0.0430701 0.0283425 0.017488 0.0101177 0.00548862 0.00279181 0.00133152 0.000595458 0.000249686 9.81698e-05 3.61911e-05 1.25102e-05 
0.120886 0.133252 0.137649 0.133252 0.120886 0.102774 0.0818821 0.0611362 0.0427769 0.0280493 0.0172361 0.00992557 0.00535642 0.00270892 0.00128387 0.000570223 0.000237341 9.25767e-05 3.38402e-05 1.15922e-05 
0.121102 0.133592 0.138035 0.133592 0.121102 0.102826 0.0817777 0.0609183 0.042505 0.0277788 0.0170047 0.00974996 0.00523622 0.00263399 0.00124105 0.000547705 0.000226404 8.76602e-05 3.17907e-05 1.07989e-05 
0.121299 0.133903 0.13839 0.133903 0.121299 0.102872 0.08168 0.0607169 0.0422552 0.0275314 0.0167939 0.00959073 0.00512777 0.00256674 0.00120285 0.000527737 0.000216771 8.33603e-05 3.0012e-05 1.0116e-05 
0.121477 0.134186 0.138711 0.134186 0.121477 0.102913 0.0815896 0.0605329 0.042028 0.0273071 0.0166037 0.00944761 0.00503072 0.00250686 0.00116901 0.000510151 0.000208338 7.96213e-05 2.84761e-05 9.53062e-06 
0.121635 0.134439 0.139 0.134439 0.121635 0.102948 0.081507 0.0603665 0.0418234 0.027106 0.0164336 0.00932019 0.00494468 0.002454 0.00113929 0.000494781 0.000201009 7.6391e-05 2.71575e-05 9.03152e-06 
0.121776 0.134664 0.139257 0.134664 0.121776 0.102978 0.0814325 0.0602179 0.0416414 0.0269277 0.0162834 0.00920796 0.00486917 0.00240779 0.00111341 0.000481466 0.000194692 7.36213e-05 2.60334e-05 8.60859e-06 
0.121899 0.134861 0.139481 0.134861 0.121899 0.103003 0.0813664 0.060087 0.0414817 0.0267716 0.0161522 0.00911028 0.00480366 0.00236785 0.00109113 0.000470047 0.000189298 7.12676e-05 2.5083e-05 8.25293e-06 
0.122004 0.135031 0.139676 0.135031 0.122004 0.103025 0.0813087 0.0599734 0.0413435 0.0266369 0.0160393 0.00902644 0.00474759 0.00233377 0.00107218 0.00046037 0.000184745 6.9289e-05 2.42876e-05 7.95665e-06 
0.122094 0.135176 0.139841 0.135176 0.122094 0.103043 0.0812592 0.0598766 0.0412261 0.0265226 0.0159438 0.00895562 0.00470035 0.00230512 0.0010563 0.000452285 0.000180953 6.76473e-05 2.363e-05 7.71273e-06 
0.122168 0.135296 0.139978 0.135296 0.122168 0.103058 0.0812177 0.0597958 0.0411282 0.0264276 0.0158644 0.00889691 0.00466127 0.00228148 0.00104323 0.000445646 0.000177848 6.63069e-05 2.30949e-05 7.5149e-06 
0.122228 0.135393 0.14009 0.135393 0.122228 0.103069 0.0811837 0.0597299 0.0410485 0.0263503 0.0158 0.00884936 0.00462966 0.0022624 0.00103269 0.000440309 0.000175358 6.52345e-05 2.26679e-05 7.35747e-06 
0.122276 0.135471 0.140178 0.135471 0.122276 0.103078 0.0811567 0.0596777 0.0409855 0.0262893 0.0157492 0.0088119 0.0046048 0.00224741 0.00102443 0.000436131 0.000173412 6.43982e-05 2.23356e-05 7.23525e-06 
0.122312 0.135529 0.140245 0.135529 0.122312 0.103085 0.0811361 0.0596379 0.0409376 0.0262429 0.0157106 0.00878343 0.00458592 0.00223604 0.00101818 0.00043297 0.000171943 6.37675e-05 2.20855e-05 7.14339e-06 
0.122338 0.135572 0.140294 0.135572 0.122338 0.10309 0.0811211 0.059609 0.0409027 0.0262092 0.0156826 0.00876278 0.00457224 0.00222781 0.00101365 0.000430686 0.000170882 6.33128e-05 2.19053e-05 7.07732e-06 
0.122356 0.135601 0.140327 0.135601 0.122356 0.103094 0.0811108 0.0595893 0.0408789 0.0261862 0.0156635 0.00874874 0.00456295 0.00222222 0.00101058 0.000429138 0.000170163 6.30049e-05 2.17834e-05 7.03267e-06 
0.122367 0.135619 0.140348 0.135619 0.122367 0.103096 0.0811045 0.059577 0.0408642 0.026172 0.0156517 0.00874006 0.0045572 0.00221877 0.00100868 0.000428181 0.000169719 6.2815e-05 2.17083e-05 7.00517e-06 
0.122373 0.135629 0.140359 0.135629 0.122373 0.103097 0.0811011 0.0595706 0.0408564 0.0261645 0.0156454 0.00873547 0.00455416 0.00221694 0.00100768 0.000427675 0.000169484 6.27146e-05 2.16686e-05 6.99063e-06 
0.122376 0.135632 0.140363 0.135632 0.122376 0.103097 0.0810998 0.059568 0.0408534 0.0261615 0.015643 0.00873366 0.00455296 0.00221622 0.00100729 0.000427477 0.000169392 6.26752e-05 2.1653e-05 6.98493e-06 
0.122376 0.135633 0.140364 0.135633 0.122376 0.103097 0.0810995 0.0595676 0.0408529 0.026161 0.0156426 0.00873336 0.00455277 0.0022161 0.00100722 0.000427444 0.000169377 6.26687e-05 2.16505e-05 6.98399e-06 
0.122376 0.135633 0.140364 0.135633 0.122376 0.103097 0.0810995 0.0595675 0.0408528 0.0261609 0.0156425 0.0087333 0.00455273 0.00221608 0.00100721 0.000427438 0.000169374 6.26674e-05 2.16499e-05 6.9838e-06 
0.122377 0.135635 0.140366 0.135635 0.122377 0.103097 0.0810987 0.059566 0.040851 0.0261592 0.0156411 0.00873225 0.00455203 0.00221566 0.00100698 0.000427322 0.000169321 6.26445e-05 2.16409e-05 6.98049e-06 
0.122381 0.135642 0.140374 0.135642 0.122381 0.103098 0.0810964 0.0595615 0.0408455 0.026154 0.0156367 0.00872904 0.0045499 0.00221438 0.00100628 0.000426968 0.000169157 6.25743e-05 2.16131e-05 6.97034e-06 
0.12239 0.135655 0.140389 0.135655 0.12239 0.1031 0.0810916 0.0595524 0.0408345 0.0261433 0.0156279 0.00872255 0.00454561 0.00221181 0.00100486 0.000426256 0.000168826 6.24332e-05 2.15573e-05 6.94993e-06 
0.122403 0.135678 0.140415 0.135678 0.122403 0.103102 0.0810837 0.0595372 0.0408163 0.0261257 0.0156132 0.0087118 0.0045385 0.00220753 0.00100252 0.000425076 0.00016828 6.21995e-05 2.1465e-05 6.91618e-06 
0.122424 0.135711 0.140453 0.135711 0.122424 0.103106 0.0810719 0.0595147 0.0407892 0.0260996 0.0155916 0.00869588 0.00452798 0.00220122 0.000999055 0.000423334 0.000167473 6.18546e-05 2.13289e-05 6.86644e-06 
0.122452 0.135756 0.140505 0.135756 0.122452 0.103111 0.0810557 0.0594837 0.040752 0.0260637 0.0155618 0.00867404 0.00451355 0.00219256 0.000994311 0.000420948 0.000166369 6.13835e-05 2.11431e-05 6.79863e-06 
0.122488 0.135815 0.140573 0.135815 0.122488 0.103118 0.0810346 0.0594434 0.0407036 0.026017 0.0155231 0.00864565 0.00449481 0.00218133 0.000988162 0.00041786 0.000164941 6.0775e-05 2.09034e-05 6.71125e-06 
0.122533 0.135889 0.140657 0.135889 0.122533 0.103126 0.0810081 0.0593929 0.040643 0.0259587 0.0154748 0.00861024 0.00447147 0.00216736 0.00098052 0.000414027 0.000163172 6.00219e-05 2.06072e-05 6.60349e-06 
0.122588 0.135979 0.14076 0.135979 0.122588 0.103136 0.0809759 0.0593316 0.0405697 0.0258882 0.0154165 0.00856752 0.00444334 0.00215054 0.000971338 0.000409429 0.000161054 5.91217e-05 2.02539e-05 6.47522e-06 
0.122652 0.136084 0.140881 0.136084 0.122652 0.103147 0.0809377 0.0592593 0.0404832 0.0258051 0.0153479 0.00851736 0.00441035 0.00213085 0.00096061 0.000404066 0.000158588 5.80765e-05 1.98447e-05 6.32701e-06 
0.122726 0.136205 0.14102 0.136205 0.122726 0.10316 0.0808934 0.0591758 0.0403835 0.0257095 0.015269 0.00845978 0.00437256 0.00210834 0.000948367 0.000397961 0.000155788 5.68926e-05 1.93824e-05 6.16009e-06 
0.12281 0.136343 0.141177 0.136343 0.12281 0.103174 0.0808429 0.0590811 0.0402707 0.0256015 0.0151801 0.00839499 0.00433012 0.00208312 0.000934681 0.000391153 0.000152674 5.558e-05 1.88715e-05 5.97626e-06 
0.122903 0.136495 0.141352 0.136495 0.122903 0.103189 0.0807864 0.0589754 0.0401452 0.0254815 0.0150816 0.00832333 0.00428329 0.00205535 0.000919657 0.000383703 0.000149277 5.41527e-05 1.8318e-05 5.77782e-06 
0.123004 0.136662 0.141544 0.136662 0.123004 0.103206 0.080724 0.0588593 0.0400076 0.0253503 0.014974 0.00824529 0.00423242 0.00202528 0.000903433 0.000375682 0.000145633 5.26273e-05 1.77287e-05 5.56747e-06 
0.123113 0.136842 0.141751 0.136842 0.123113 0.103223 0.0806559 0.0587334 0.0398587 0.0252087 0.0148582 0.00816151 0.00417796 0.00199318 0.00088617 0.000367178 0.000141783 5.10225e-05 1.71115e-05 5.34813e-06 
0.123229 0.137034 0.141972 0.137034 0.123229 0.10324 0.0805825 0.0585986 0.0396998 0.0250579 0.0147351 0.00807272 0.00412041 0.00195936 0.000868049 0.000358285 0.000137774 4.93585e-05 1.64744e-05 5.12287e-06 
0.123351 0.137237 0.142205 0.137237 0.123351 0.103258 0.0805042 0.0584557 0.0395319 0.024899 0.0146059 0.00797973 0.00406032 0.00192418 0.000849268 0.000349105 0.000133653 4.7656e-05 1.58259e-05 4.89475e-06 
0.123477 0.137449 0.142449 0.137449 0.123477 0.103276 0.0804217 0.0583059 0.0393565 0.0247335 0.0144716 0.00788343 0.00399831 0.001888 0.000830028 0.000339741 0.000129469 4.59356e-05 1.51739e-05 4.6667e-06 
0.123608 0.137667 0.1427 0.137667 0.123608 0.103293 0.0803355 0.0581506 0.0391752 0.0245629 0.0143337 0.00778476 0.00393499 0.0018512 0.000810537 0.000330295 0.000125269 4.42174e-05 1.45263e-05 4.44147e-06 
0.12374 0.13789 0.142957 0.13789 0.12374 0.10331 0.0802463 0.057991 0.0389896 0.0243887 0.0141932 0.00768468 0.003871 0.00181415 0.000790995 0.000320869 0.000121097 4.252e-05 1.38901e-05 4.22151e-06 
0.123874 0.138116 0.143218 0.138116 0.123874 0.103326 0.080155 0.0578286 0.0388013 0.0242126 0.0140517 0.00758414 0.00380694 0.00177721 0.000771598 0.000311556 0.000116996 4.08602e-05 1.32715e-05 4.00895e-06 
